1 08:43:09.638 8.719344 155591 0.038422 0.879733 489.661114 5.039799 -6.123316 46553 STARLINK-1664
10 08:43:14.772 8.720770 155919 0.091480 0.969998 482.761734 6.608315 -2.028323 46553 STARLINK-1664
11 08:43:15.621 8.721006 156083 0.063074 0.947489 481.943872 6.847317 -1.299230 46553 STARLINK-1664
12 08:43:16.557 8.721266 156247 0.012357 0.507854 480.950553 7.150901 -0.692813 46553 STARLINK-1664
13 08:43:17.320 8.721478 156083 0.029259 0.818365 480.486834 7.313519 0.361290 46553 STARLINK-1664
14 08:43:18.190 8.721719 156247 0.073281 0.959713 479.841287 7.618737 0.701967 46553 STARLINK-1664
15 08:43:18.973 8.721937 156247 0.111308 0.975198 479.328069 7.825950 1.178211 46553 STARLINK-1664
16 08:43:19.023 8.721951 156247 0.110674 0.974149 479.184246 7.876599 1.214962 46553 STARLINK-1664
17 08:43:19.753 8.722154 156411 0.158906 0.983322 478.849580 8.091385 1.792349 46553 STARLINK-1664
18 08:43:21.493 8.722637 156575 0.299554 0.988199 478.024179 8.615591 3.190102 46553 STARLINK-1664
19 08:43:22.496 8.722916 156575 0.279018 0.991172 477.761921 8.909365 4.100106 46553 STARLINK-1664
2 08:43:10.591 8.719609 155591 0.046854 0.916324 488.237223 5.348784 -5.303342 46553 STARLINK-1664
20 08:43:22.561 8.722934 156575 0.271483 0.991062 477.630248 8.939655 4.165785 46553 STARLINK-1664
21 08:43:23.281 8.723134 156739 0.301218 0.990797 477.430613 9.150236 4.801101 46553 STARLINK-1664
22 08:43:24.379 8.723439 156739 0.246375 0.988741 477.543779 9.474221 5.737506 46553 STARLINK-1664
23 08:43:24.423 8.723451 156903 0.246818 0.989881 477.239738 9.490609 5.767214 46553 STARLINK-1664
24 08:43:25.274 8.723687 156903 0.207587 0.987105 477.300925 9.752243 6.523391 46553 STARLINK-1664
25 08:43:26.279 8.723966 157067 0.117088 0.976654 477.350571 10.017057 7.359310 46553 STARLINK-1664
26 08:43:27.872 8.724409 157067 0.062728 0.930207 477.648493 10.444733 8.574640 46553 STARLINK-1664
27 08:43:27.932 8.724426 157067 0.052198 0.889168 477.569324 10.489936 8.613198 46553 STARLINK-1664
28 08:43:28.673 8.724631 157231 0.051361 0.894553 477.782584 10.755058 9.124147 46553 STARLINK-1664
29 08:43:29.503 8.724862 157231 0.026853 0.684338 478.181124 10.992327 9.558195 46553 STARLINK-1664
3 08:43:10.666 8.719629 155755 0.049890 0.922055 487.881949 5.438452 -5.246755 46553 STARLINK-1664
30 08:43:29.578 8.724883 157231 0.020962 0.495665 478.026700 11.023457 9.438469 46553 STARLINK-1664
31 08:43:30.391 8.725109 157395 0.017131 0.419313 478.611514 11.158154 9.790508 46553 STARLINK-1664
32 08:43:30.435 8.725121 157231 0.015170 0.368446 478.717789 11.261605 10.098157 46553 STARLINK-1664
4 08:43:11.528 8.719869 155591 0.096572 0.970502 486.971721 5.598037 -4.539828 46553 STARLINK-1664
5 08:43:11.606 8.719891 155591 0.089368 0.961159 486.739298 5.633941 -4.478109 46553 STARLINK-1664
6 08:43:12.705 8.720196 155755 0.129132 0.976128 485.259615 5.958399 -3.564943 46553 STARLINK-1664
7 08:43:12.749 8.720208 155755 0.111073 0.974290 485.098117 6.021540 -3.529522 46553 STARLINK-1664
8 08:43:13.861 8.720517 155919 0.118055 0.976507 483.904152 6.313363 -2.664426 46553 STARLINK-1664
9 08:43:14.727 8.720758 155919 0.092284 0.969253 482.908326 6.565214 -2.041675 46553 STARLINK-1664
N Time Hours Freq(kHz) Amp KK R(km) AntAz(grad) AntEl(grad) NORAD Name
NEW_ROW_1 some data here
NEW_ROW_2 another formatted string
