Source	Target
618	45
618	614
618	394
618	400
55	737
55	48
55	753
55	819
39	894
39	180
39	129
39	984
39	556
199	31
199	35
199	172
199	855
38	737
38	839
38	824
38	433
315	780
315	349
315	181
315	44
315	725
30	94
30	98
30	723
30	530
30	192
827	625
827	32
827	673
827	389
827	761
362	41
362	593
362	831
362	578
738	34
738	692
738	962
738	367
738	457
737	55
737	38
737	241
737	961
737	828
737	560
737	557
737	421
94	30
94	243
94	233
94	593
94	112
94	530
94	787
94	985
94	317
94	538
94	271
636	37
636	535
636	483
636	187
636	980
711	45
711	497
839	38
839	984
839	186
839	720
839	417
762	473
762	226
762	938
762	33
762	145
762	756
762	370
762	429
179	45
179	930
179	582
179	963
179	467
179	345
490	47
490	568
490	284
34	738
34	193
34	658
34	371
34	142
34	204
34	375
610	479
610	46
610	664
610	61
610	480
610	683
610	945
36	162
894	39
894	553
894	658
894	112
894	460
894	674
927	41
927	35
979	334
979	892
979	33
979	68
979	103
979	475
979	290
979	595
979	510
979	354
979	970
553	894
553	31
553	207
553	404
553	70
553	877
925	31
925	271
925	198
925	169
925	906
180	39
180	162
180	108
180	335
180	151
180	825
717	603
717	41
717	792
717	451
717	108
717	826
717	703
193	34
193	753
193	477
193	503
162	36
162	180
162	900
162	780
162	935
162	133
731	33
731	949
731	256
731	855
731	679
603	717
603	31
603	333
603	374
603	763
603	492
603	695
905	50
905	183
47	490
47	564
47	441
47	550
47	831
728	792
728	50
728	116
728	304
728	563
658	34
658	894
658	623
658	190
658	166
658	813
355	142
355	33
355	383
355	546
355	197
355	247
355	809
41	362
41	927
41	717
41	173
41	818
41	356
41	685
41	913
40	455
542	455
542	529
542	466
542	42
542	619
542	183
371	34
371	811
371	697
371	56
371	505
371	996
371	314
371	904
6	260
6	357
6	272
6	415
629	33
629	718
629	307
629	775
629	989
348	45
348	91
348	212
348	377
348	163
348	106
348	970
455	40
455	542
455	672
455	76
455	301
455	679
119	37
119	389
119	164
119	980
119	714
119	516
119	826
632	35
632	125
632	530
632	763
327	814
327	935
327	33
327	761
327	695
327	522
327	340
327	474
327	924
327	750
142	34
142	355
142	814
142	144
142	53
142	619
142	690
142	218
142	826
142	176
142	695
31	199
31	553
31	925
31	603
31	225
31	961
31	840
722	37
722	851
722	694
722	840
722	361
722	688
722	418
548	491
548	671
548	443
548	46
548	546
548	799
173	41
173	999
173	145
173	287
173	996
912	715
912	258
912	404
912	871
912	52
912	874
912	516
912	581
912	948
250	37
250	943
250	298
323	880
323	49
323	508
323	568
37	636
37	119
37	722
37	250
37	254
37	136
37	846
98	30
98	589
98	492
204	34
204	356
818	41
818	735
818	474
818	429
818	799
818	815
45	618
45	711
45	179
45	348
45	860
45	523
45	247
51	808
51	187
225	31
225	146
225	938
225	9
225	405
599	898
599	914
599	50
599	99
599	895
599	594
599	921
254	37
254	109
254	578
254	770
254	203
687	322
687	12
687	523
687	690
687	364
687	337
919	3
919	780
919	730
919	403
919	474
919	400
919	771
919	767
322	687
322	16
322	15
322	388
322	809
322	421
322	604
129	39
129	109
129	757
129	135
129	588
146	225
146	3
146	749
146	320
146	283
146	719
146	145
146	480
146	641
792	717
792	728
792	891
792	4
865	3
865	485
865	984
865	672
865	841
865	463
865	278
48	55
48	2
879	16
879	710
879	425
879	214
879	229
879	475
879	170
879	616
879	446
879	969
879	661
709	0
709	874
709	966
709	804
12	687
12	89
12	866
12	72
12	144
12	309
12	943
12	453
564	47
564	18
564	787
260	6
260	860
260	152
260	637
260	79
260	432
260	941
260	338
3	919
3	146
3	865
3	13
3	158
35	199
35	927
35	632
35	14
35	726
558	620
558	128
558	411
558	949
558	229
558	2
558	736
558	758
558	929
860	45
860	260
860	11
860	724
18	564
18	535
18	334
18	452
18	140
651	411
651	4
651	381
651	224
0	709
182	9
182	811
182	274
182	869
393	494
393	2
393	923
393	843
535	636
535	18
535	29
535	425
535	224
851	722
851	5
851	975
851	62
851	638
999	173
999	14
999	837
999	591
529	542
529	880
529	17
529	77
529	85
529	849
529	857
291	11
291	671
291	770
291	290
291	385
291	565
291	732
880	323
880	529
880	16
880	57
880	316
880	816
880	799
880	873
11	860
11	291
11	275
11	837
13	3
13	207
13	984
13	634
17	529
17	660
17	83
17	620
17	606
17	785
17	485
17	415
89	12
89	232
89	700
89	231
89	383
89	218
723	30
723	752
723	5
723	158
723	202
723	296
723	526
752	723
752	710
752	853
752	4
752	995
752	449
752	638
752	596
473	762
473	123
473	2
473	305
473	301
473	458
5	851
5	723
5	235
987	7
987	27
987	289
987	306
987	663
626	7
626	132
626	829
626	993
626	922
136	37
136	32
136	19
136	828
136	590
136	99
867	808
867	21
867	840
867	497
867	561
625	827
625	853
625	22
625	321
625	744
625	230
625	361
625	680
625	515
625	365
625	988
997	932
997	14
997	694
997	713
997	62
997	67
997	106
997	154
356	41
356	204
356	15
356	984
356	21
356	20
356	85
356	615
334	979
334	18
334	660
334	75
334	79
334	403
501	1
501	228
501	434
501	560
158	3
158	723
158	344
158	986
158	360
158	617
158	353
956	10
956	70
956	115
956	301
660	17
660	334
660	648
660	335
660	90
660	118
660	857
660	461
660	638
660	440
768	8
768	374
768	652
768	617
768	102
768	216
357	6
357	749
357	938
357	496
357	198
357	571
357	261
357	208
357	223
357	510
1	501
1	808
1	747
513	350
513	544
513	4
513	565
513	337
272	6
272	395
165	864
165	677
165	65
165	2
165	261
235	5
235	452
235	573
235	15
235	344
235	789
343	14
343	324
343	43
343	475
343	757
343	567
392	784
392	197
392	800
392	761
392	2
83	17
83	509
83	63
83	174
83	561
207	553
207	13
207	619
207	934
207	287
620	558
620	17
620	413
620	604
620	627
944	10
944	556
944	26
944	497
944	385
944	336
944	280
944	989
341	8
341	872
341	649
341	666
341	876
606	17
606	109
606	62
606	264
606	848
452	18
452	235
452	101
452	257
452	292
452	432
452	633
866	12
866	72
866	835
866	697
866	885
866	177
866	277
866	474
10	956
10	944
10	227
808	51
808	867
808	1
808	715
808	870
808	308
808	440
808	764
808	627
72	12
72	866
72	415
72	741
72	416
72	215
72	361
72	478
72	545
72	237
72	934
72	670
275	11
275	186
275	223
275	458
137	23
137	846
137	907
137	252
622	26
622	114
622	477
622	816
778	928
778	9
778	541
778	232
778	492
778	952
778	385
778	712
778	365
778	773
928	778
928	21
928	74
928	183
928	138
928	270
928	646
785	17
785	243
785	915
785	462
785	541
785	20
785	52
785	469
785	862
785	438
16	322
16	879
16	880
16	623
16	9
302	324
302	256
302	725
302	253
302	164
302	156
302	531
302	567
302	328
975	851
975	156
772	361
772	106
772	516
772	93
243	94
243	785
243	99
243	305
243	301
243	268
448	159
448	335
448	311
233	94
233	806
233	176
233	188
233	310
990	140
990	214
990	664
990	297
990	461
990	471
593	362
593	94
593	141
593	710
593	220
593	317
593	487
593	370
141	593
141	960
141	249
141	680
194	164
786	451
786	635
786	103
786	580
153	974
153	491
153	952
153	680
153	467
153	809
424	344
424	939
424	97
424	641
424	198
424	354
749	146
749	357
226	762
226	152
226	293
226	231
226	372
226	777
226	569
251	101
251	171
251	92
347	143
347	257
347	764
206	144
206	961
206	454
206	312
206	807
206	148
206	470
206	463
640	101
640	533
640	425
640	147
640	806
640	539
640	970
915	785
915	881
915	102
915	691
915	644
915	796
881	915
881	160
881	685
710	879
710	752
710	593
710	500
710	521
710	478
710	292
710	163
710	760
897	837
897	349
897	140
112	94
112	894
112	692
112	885
479	610
479	298
479	863
479	819
479	360
479	267
479	145
479	910
479	336
991	152
991	380
991	353
991	675
981	491
981	349
981	95
981	505
981	833
528	133
494	393
494	718
494	147
494	223
125	632
125	892
125	885
125	138
125	641
125	562
573	235
573	317
573	127
573	198
122	170
960	141
960	984
960	763
960	197
960	980
960	588
960	571
960	442
960	601
960	921
960	674
974	153
974	417
320	146
320	846
320	992
320	434
320	831
320	689
320	447
128	558
128	157
128	664
128	522
152	260
152	226
152	991
152	947
152	955
152	359
152	465
491	548
491	153
491	981
491	523
491	360
491	993
491	444
149	150
149	178
149	431
481	814
481	154
853	752
853	625
853	101
853	105
853	372
853	562
853	883
139	536
139	777
139	721
534	160
534	545
534	661
143	347
143	890
143	476
283	146
283	909
283	594
647	144
647	950
696	95
696	877
900	162
900	270
900	299
900	318
900	804
157	128
157	383
157	449
101	452
101	251
101	640
101	853
101	932
101	159
101	411
101	500
101	726
101	475
101	154
780	315
780	162
780	919
780	549
780	859
780	783
780	929
100	891
100	907
100	942
932	997
932	101
932	520
932	536
932	151
932	135
932	686
814	327
814	142
814	481
814	531
814	305
814	429
814	400
159	448
159	101
159	589
159	533
411	558
411	651
411	101
411	451
411	677
411	744
411	797
411	770
411	396
411	714
411	201
411	983
935	162
935	327
935	530
935	230
935	186
935	678
96	104
96	405
500	710
500	101
500	673
500	909
500	106
500	873
930	179
930	415
930	508
930	642
930	138
589	98
589	159
589	576
589	367
286	210
286	831
286	104
947	152
947	485
947	701
947	492
947	456
947	314
533	640
533	159
533	434
533	385
936	22
936	52
936	351
938	762
938	225
938	357
938	27
938	693
938	657
938	161
938	595
715	912
715	808
715	21
715	605
715	53
715	102
715	339
715	667
15	322
15	356
15	235
15	167
15	747
512	20
512	467
512	311
512	776
512	597
8	768
8	341
8	32
8	782
466	542
466	28
466	697
466	133
466	397
466	514
466	621
609	22
609	637
609	902
609	586
14	35
14	999
14	997
14	343
144	142
144	12
144	206
144	647
144	197
144	770
485	865
485	17
485	947
485	427
485	211
984	39
984	839
984	865
984	13
984	356
984	960
984	276
984	196
984	261
984	205
984	570
694	722
694	997
694	28
694	443
66	837
66	20
66	150
66	155
66	60
66	497
66	885
824	38
824	344
824	212
824	765
824	288
824	910
77	529
77	527
77	27
77	246
77	383
227	10
227	239
227	183
227	568
227	313
227	203
227	954
227	795
167	15
167	556
167	766
167	172
380	991
380	21
380	441
380	135
380	644
380	970
713	997
713	7
713	32
713	811
713	78
713	49
713	396
713	616
527	77
527	26
527	453
527	509
527	404
527	171
527	532
527	515
527	471
527	773
7	987
7	626
7	713
7	648
7	168
309	12
309	43
309	681
634	13
634	324
634	550
634	843
648	660
648	7
648	576
648	578
648	200
648	526
648	330
648	621
623	658
623	16
623	811
623	664
623	68
623	950
623	797
734	22
734	800
734	926
415	6
415	17
415	72
415	930
415	190
415	202
415	751
415	376
32	827
32	136
32	8
32	713
733	21
733	986
733	886
190	658
190	415
190	26
190	432
556	39
556	944
556	167
556	22
556	550
556	544
556	746
451	717
451	786
451	411
451	25
451	335
451	945
837	999
837	11
837	897
837	66
837	483
837	848
349	315
349	897
349	981
349	20
349	71
349	635
349	496
349	795
349	299
349	621
21	867
21	356
21	928
21	715
21	380
21	733
21	241
21	961
21	794
21	891
21	69
682	25
241	737
241	21
241	379
241	442
241	270
241	376
459	27
459	531
890	143
890	27
890	186
890	745
26	944
26	622
26	527
26	190
26	671
965	23
965	85
965	619
965	807
965	489
965	952
965	510
965	904
782	8
782	470
782	304
375	34
375	672
375	244
375	65
375	163
375	296
375	937
27	987
27	938
27	77
27	459
27	890
27	333
27	454
898	599
898	25
898	91
898	835
898	387
898	613
898	793
898	499
898	661
961	737
961	31
961	206
961	21
961	499
961	889
23	137
23	965
23	781
344	158
344	235
344	424
344	824
344	25
344	920
344	419
19	136
19	791
19	73
943	250
943	12
943	811
943	467
943	644
788	22
788	388
788	830
788	432
788	917
788	281
788	703
333	603
333	27
333	971
333	954
333	395
791	19
791	364
791	703
25	451
25	682
25	898
25	344
462	785
462	24
462	237
462	132
462	432
462	330
22	625
22	936
22	609
22	734
22	556
22	788
22	57
22	228
22	312
140	18
140	990
140	897
140	64
140	784
9	225
9	182
9	778
9	16
9	963
73	19
73	635
73	838
73	253
73	689
73	267
168	7
168	891
168	312
168	591
168	736
453	12
453	527
453	656
453	252
671	548
671	291
671	26
671	237
671	704
671	111
794	21
794	382
794	543
794	783
293	226
293	117
293	304
293	663
605	715
605	78
605	966
605	365
605	567
541	778
541	785
541	870
541	33
541	246
541	552
541	830
541	616
541	266
541	255
509	83
509	527
509	239
509	300
509	701
509	394
239	227
239	509
239	828
239	656
239	106
239	845
239	445
366	84
366	642
366	805
366	201
366	278
366	507
870	808
870	541
870	108
870	382
946	80
946	478
946	506
210	286
210	90
210	402
210	417
525	87
525	678
525	693
525	105
892	979
892	125
892	81
892	747
57	880
57	22
57	388
57	863
57	874
57	377
726	35
726	101
726	575
20	356
20	785
20	512
20	66
20	349
20	518
530	30
530	94
530	632
530	935
530	181
530	718
530	834
530	616
530	124
530	708
858	91
858	958
858	386
858	189
858	428
858	869
858	203
858	450
518	20
518	263
518	487
518	417
518	910
518	862
518	418
324	343
324	302
324	634
324	405
324	113
324	584
324	385
324	729
324	332
160	881
160	534
160	85
160	271
160	963
160	803
504	84
504	384
504	579
504	740
504	978
28	466
28	694
28	202
24	462
454	206
454	27
454	637
454	111
258	912
258	295
258	389
258	111
258	745
891	792
891	100
891	21
891	168
891	763
891	379
840	31
840	722
840	867
840	483
840	747
33	762
33	979
33	731
33	355
33	629
33	327
33	541
109	254
109	129
109	606
109	123
109	864
109	744
109	212
109	120
123	473
123	109
123	729
549	780
549	181
549	841
549	113
549	431
246	77
246	541
246	255
246	883
246	474
692	738
692	112
692	85
692	992
692	177
181	315
181	530
181	549
181	79
181	303
181	662
181	195
181	221
181	887
181	878
374	603
374	768
374	116
374	218
374	138
374	903
374	931
811	371
811	182
811	713
811	623
811	943
811	706
811	105
811	127
811	612
811	776
85	529
85	356
85	965
85	160
85	692
85	300
85	308
85	372
91	348
91	898
91	858
91	914
91	214
91	383
91	664
91	295
628	78
628	238
628	332
672	455
672	865
672	375
672	639
672	164
672	115
685	41
685	881
685	576
685	704
228	501
228	22
228	384
228	244
228	843
228	435
228	676
846	37
846	137
846	320
846	680
846	367
846	328
846	398
846	812
781	23
781	312
781	156
781	130
781	201
781	613
864	165
864	109
864	147
864	777
864	850
864	703
263	518
263	172
263	115
263	252
263	884
263	515
263	686
300	509
300	85
300	642
300	130
300	296
300	668
300	638
412	87
412	186
412	650
412	707
412	591
232	89
232	778
232	888
232	296
312	206
312	22
312	168
312	781
312	29
312	399
312	849
312	329
312	351
312	368
312	850
29	535
29	312
433	38
433	105
433	903
433	188
433	882
88	572
88	292
404	553
404	912
404	527
404	80
404	784
404	637
404	538
404	177
404	902
404	716
404	420
614	618
614	80
614	384
614	121
700	89
700	483
700	515
914	599
914	91
914	642
914	555
231	89
231	226
231	673
231	222
443	548
443	694
443	80
443	681
443	385
443	316
443	242
443	854
202	723
202	415
202	28
202	637
202	590
202	166
202	99
202	571
202	887
202	688
202	856
69	21
69	962
69	363
69	650
69	524
298	250
298	479
298	350
298	784
298	84
298	469
298	191
298	600
298	601
684	80
684	809
684	201
192	30
192	384
192	166
192	295
192	97
192	669
192	259
192	208
192	923
80	946
80	404
80	614
80	443
80	684
80	183
43	343
43	309
43	552
43	986
43	212
43	131
53	142
53	715
53	382
53	949
53	719
53	763
64	140
64	276
64	308
64	532
64	116
64	847
64	656
64	950
64	911
967	42
967	803
967	976
967	668
967	498
108	180
108	717
108	870
108	308
108	747
86	828
78	713
78	605
78	628
78	639
46	610
46	548
552	541
552	43
552	735
87	525
87	412
87	704
87	645
321	625
321	42
321	358
321	582
321	669
802	56
802	360
802	216
802	354
388	322
388	788
388	57
388	111
388	345
986	158
986	733
986	43
986	747
986	211
986	236
171	251
171	527
171	50
171	216
171	467
171	790
276	984
276	64
276	718
276	469
276	339
382	794
382	870
382	53
382	784
382	907
382	482
382	641
382	277
382	409
42	542
42	967
42	321
42	425
42	590
42	520
42	702
350	513
350	298
350	62
350	920
350	820
350	895
350	845
350	240
350	604
350	758
784	392
784	140
784	404
784	298
784	382
784	81
784	575
784	565
784	796
784	931
425	879
425	535
425	640
425	42
425	903
425	801
425	630
949	731
949	558
949	53
949	572
949	964
949	886
949	901
949	278
871	912
871	673
871	56
81	892
81	784
81	478
677	165
677	411
677	117
677	649
677	519
739	60
744	625
744	411
744	109
744	214
744	480
110	735
110	396
110	942
110	290
214	879
214	990
214	91
214	744
214	532
214	456
572	88
572	949
933	62
933	679
933	959
308	808
308	85
308	64
308	108
308	384
308	524
308	176
835	866
835	898
835	62
835	964
835	669
835	316
835	450
84	366
84	504
84	298
401	116
401	531
401	748
576	589
576	648
576	685
576	59
576	237
576	480
576	805
44	315
44	279
44	619
383	355
383	89
383	157
383	77
383	91
383	536
383	434
383	942
383	764
279	44
279	460
279	130
279	646
50	905
50	728
50	599
50	171
50	483
50	257
619	542
619	142
619	207
619	965
619	44
619	650
619	995
619	346
619	581
913	41
913	187
913	259
719	146
719	53
719	174
763	603
763	632
763	960
763	891
763	53
763	701
763	431
763	754
483	636
483	837
483	840
483	700
483	50
532	527
532	64
532	214
532	493
532	329
532	771
230	625
230	935
230	49
230	656
230	237
230	842
441	47
441	380
441	118
441	976
441	222
441	351
441	661
992	320
992	692
992	828
992	104
992	222
992	294
673	827
673	500
673	231
673	871
673	590
673	765
673	290
673	114
673	699
673	488
706	811
706	82
706	431
706	674
49	323
49	713
49	230
49	335
116	728
116	374
116	64
116	401
63	83
63	637
63	955
63	384
63	405
664	610
664	990
664	128
664	623
664	91
664	134
664	373
664	261
664	484
664	970
828	737
828	136
828	239
828	86
828	992
828	486
828	114
828	169
753	55
753	193
753	398
289	987
289	58
289	437
863	479
863	57
863	340
863	397
234	60
234	75
234	813
335	180
335	660
335	448
335	451
335	49
335	732
335	612
335	397
90	660
90	210
90	79
916	550
916	608
916	117
916	770
916	496
916	488
82	706
82	789
82	670
697	371
697	866
697	466
697	70
697	642
697	931
52	912
52	785
52	936
52	434
229	879
229	558
229	59
229	216
229	624
150	149
150	66
150	645
150	95
74	928
74	489
74	832
74	151
74	508
58	289
58	807
58	186
58	678
58	568
58	423
807	206
807	965
807	58
807	611
807	410
256	731
256	302
256	76
256	942
256	616
256	557
256	566
256	595
256	540
256	458
637	260
637	609
637	454
637	404
637	202
637	63
637	71
637	561
637	759
637	198
637	426
590	136
590	202
590	42
590	673
590	174
590	725
590	825
590	953
590	248
155	66
155	216
155	353
61	610
61	546
61	297
61	427
61	701
61	244
61	968
61	561
520	932
520	42
520	151
520	729
536	139
536	932
536	383
536	59
536	135
536	467
536	278
536	581
62	851
62	997
62	606
62	350
62	933
62	835
907	137
907	100
907	382
907	67
907	151
907	102
907	305
907	223
907	937
907	420
60	66
60	739
60	234
60	486
60	963
282	65
282	584
282	910
546	355
546	548
546	61
546	747
546	963
546	337
546	931
819	55
819	479
819	215
819	756
819	676
67	997
67	907
67	197
67	295
67	920
497	711
497	867
497	944
497	66
497	56
497	958
497	196
497	740
497	273
497	378
486	828
486	60
486	474
550	47
550	634
550	556
550	916
550	522
550	367
257	452
257	347
257	50
257	359
257	484
523	45
523	687
523	491
523	998
955	152
955	63
955	237
955	963
955	515
955	948
56	371
56	802
56	871
56	497
56	295
186	839
186	275
186	935
186	890
186	412
186	58
186	379
186	759
186	691
489	965
489	74
489	70
489	575
489	569
434	501
434	320
434	533
434	383
434	52
962	738
962	69
962	569
962	265
766	167
766	789
766	76
399	312
399	75
399	156
399	417
399	566
741	72
741	133
741	338
741	904
741	621
297	990
297	61
297	841
297	195
297	917
212	348
212	824
212	109
212	43
212	508
212	708
427	485
427	61
427	166
427	922
427	758
427	450
831	362
831	47
831	320
831	286
831	842
701	947
701	509
701	763
701	61
701	117
701	883
187	636
187	51
187	913
187	624
187	381
178	149
178	59
178	303
178	926
178	699
178	740
178	313
358	321
358	70
358	342
358	537
358	918
358	519
384	504
384	228
384	614
384	192
384	308
384	63
384	221
384	862
384	446
197	355
197	392
197	960
197	144
197	67
71	349
71	637
71	718
71	939
71	690
71	493
847	64
847	939
847	695
847	989
847	815
832	74
832	934
832	457
832	978
653	68
653	539
653	948
174	83
174	719
174	590
174	59
174	386
174	699
635	786
635	349
635	73
635	770
635	740
635	666
635	630
635	414
702	42
702	561
702	59
702	758
702	354
183	905
183	542
183	928
183	227
183	80
183	65
183	135
183	495
183	560
874	912
874	709
874	57
874	896
874	787
874	888
244	375
244	228
244	61
244	680
244	432
678	935
678	525
678	58
678	59
678	70
678	164
678	121
678	313
678	845
678	514
131	43
131	810
652	768
652	54
652	945
652	598
652	959
247	355
247	45
247	659
247	188
151	180
151	932
151	74
151	520
151	907
151	756
151	903
166	658
166	202
166	192
166	427
166	75
166	857
166	296
166	496
166	742
166	480
166	602
166	428
166	720
166	633
718	629
718	494
718	530
718	276
718	71
718	492
718	407
718	924
578	362
578	254
578	648
578	76
578	398
521	710
521	76
521	584
521	686
104	96
104	286
104	992
104	361
104	765
104	147
104	797
104	770
104	888
200	648
200	99
200	304
200	727
656	453
656	239
656	64
656	230
656	642
220	593
220	416
220	65
220	274
460	894
460	279
460	68
460	271
148	206
148	54
148	114
148	385
416	72
416	220
416	998
416	328
416	817
693	938
693	525
693	54
693	872
105	853
105	525
105	811
105	433
105	896
105	806
968	61
968	868
968	973
561	867
561	83
561	637
561	61
561	702
561	436
561	554
508	323
508	930
508	74
508	212
508	998
508	813
508	843
215	72
215	819
215	857
215	884
215	562
215	669
215	708
215	224
215	539
361	722
361	625
361	72
361	772
361	104
896	874
896	105
896	964
896	132
896	161
896	387
896	884
478	72
478	710
478	946
478	81
478	993
59	576
59	229
59	536
59	178
59	174
59	702
59	678
789	235
789	82
789	766
789	76
789	325
789	801
939	424
939	71
939	847
939	340
939	345
939	397
838	73
838	306
838	238
838	328
568	490
568	323
568	227
568	58
568	103
568	389
568	751
568	855
568	644
545	72
545	534
545	310
372	226
372	853
372	85
372	107
372	627
372	793
372	972
885	866
885	112
885	125
885	66
885	829
363	69
363	175
363	562
363	245
363	208
237	72
237	462
237	671
237	576
237	230
237	955
237	70
237	253
237	296
237	607
237	679
377	348
377	57
377	591
639	672
639	78
639	163
639	338
639	773
405	225
405	96
405	324
405	63
650	412
650	69
650	619
650	403
650	217
650	414
823	70
823	340
823	208
75	334
75	234
75	399
75	166
75	842
75	617
934	207
934	72
934	832
79	260
79	334
79	181
79	90
79	65
68	979
68	623
68	653
68	460
68	172
842	230
842	831
842	75
842	816
842	519
423	58
423	102
423	216
423	461
423	510
423	585
765	824
765	673
765	104
765	54
765	787
765	813
765	484
172	199
172	167
172	263
172	68
172	379
172	469
524	69
524	308
524	515
524	877
295	258
295	91
295	192
295	67
295	56
295	271
295	428
295	948
690	142
690	687
690	71
690	617
690	746
690	976
690	446
690	804
920	344
920	350
920	67
920	340
725	315
725	302
725	590
725	117
725	456
725	805
725	331
725	899
360	158
360	479
360	491
360	802
360	93
360	195
360	340
360	219
360	969
76	455
76	256
76	766
76	578
76	521
76	789
54	652
54	148
54	693
54	765
704	671
704	685
704	87
704	574
704	277
704	445
704	280
493	532
493	71
493	755
493	262
493	686
493	294
292	452
292	710
292	88
292	806
218	142
218	89
218	374
218	649
218	740
218	631
218	712
645	87
645	150
645	442
645	716
645	517
617	158
617	768
617	75
617	690
103	979
103	786
103	568
103	579
950	647
950	623
950	64
950	743
950	708
950	631
950	301
950	205
950	420
950	444
950	994
670	72
670	82
670	467
670	305
70	553
70	956
70	697
70	489
70	358
70	678
70	237
70	823
70	608
70	963
253	302
253	73
253	237
253	130
253	551
253	859
911	64
911	759
911	403
911	517
608	916
608	70
608	963
608	330
689	320
689	73
689	223
689	655
267	479
267	73
267	953
267	754
65	165
65	375
65	282
65	183
65	220
65	79
821	115
982	107
982	825
982	255
982	472
306	987
306	838
306	114
389	827
389	119
389	258
389	568
389	516
389	918
868	968
868	117
868	995
868	126
868	976
868	457
868	929
475	979
475	879
475	343
475	101
475	613
475	776
475	667
164	119
164	302
164	194
164	672
164	678
164	616
164	587
164	805
164	769
147	640
147	494
147	864
147	104
787	94
787	564
787	874
787	765
787	439
163	348
163	710
163	375
163	639
163	584
872	341
872	693
872	107
872	273
872	798
99	599
99	136
99	243
99	202
99	200
800	392
800	734
800	115
800	539
800	862
111	671
111	454
111	258
111	388
111	841
111	952
111	582
806	233
806	640
806	105
806	292
806	161
806	430
92	251
579	504
579	103
579	294
743	950
743	113
743	354
743	940
115	956
115	672
115	263
115	821
115	800
492	603
492	98
492	778
492	947
492	718
492	495
492	242
492	378
985	94
985	170
985	438
774	93
317	94
317	593
317	573
317	175
761	827
761	327
761	392
761	97
761	198
909	283
909	500
909	95
909	843
102	768
102	915
102	715
102	907
102	423
102	325
797	411
797	623
797	104
797	730
797	756
797	296
797	720
797	976
797	332
841	865
841	549
841	297
841	111
841	177
841	280
980	636
980	119
980	960
980	910
980	922
980	764
95	981
95	696
95	150
95	909
95	544
352	114
352	428
352	222
574	704
574	118
574	138
574	387
574	428
574	902
574	376
113	324
113	549
113	743
113	476
106	348
106	997
106	772
106	500
106	239
117	293
117	677
117	916
117	701
117	725
117	868
538	94
538	404
538	747
538	695
538	571
538	586
436	561
436	154
436	721
436	487
952	778
952	153
952	965
952	111
952	805
952	444
120	109
964	949
964	835
964	896
964	118
964	751
964	708
964	368
770	254
770	291
770	411
770	144
770	916
770	635
770	104
582	179
582	321
582	111
582	127
582	387
582	219
582	417
582	659
971	333
971	107
274	182
274	220
274	114
274	422
274	319
820	350
820	118
820	127
820	551
216	768
216	802
216	171
216	229
216	155
216	423
216	591
735	818
735	552
735	110
735	877
396	411
396	713
396	110
396	318
396	598
396	882
942	100
942	110
942	383
942	256
942	373
942	403
942	437
290	979
290	291
290	110
290	673
290	296
290	195
290	314
290	345
290	801
290	908
118	660
118	441
118	574
118	964
118	820
118	657
657	938
657	118
714	119
714	411
714	468
516	119
516	912
516	772
516	389
516	886
516	367
516	484
516	307
516	675
888	232
888	874
888	104
888	264
114	622
114	673
114	828
114	148
114	306
114	352
114	274
826	717
826	119
826	142
826	575
826	779
826	438
826	498
325	789
325	102
325	305
544	513
544	556
544	95
93	772
93	360
93	774
271	94
271	925
271	160
271	460
271	295
271	551
271	331
271	457
476	143
476	113
476	480
476	638
476	600
107	372
107	982
107	872
107	971
145	762
145	173
145	146
145	479
145	730
145	342
154	997
154	481
154	101
154	436
154	654
97	424
97	192
97	761
97	379
584	324
584	282
584	521
584	163
584	675
584	265
379	241
379	891
379	186
379	172
379	97
379	364
379	601
359	152
359	257
359	261
359	378
359	804
730	919
730	797
730	145
730	517
465	152
465	515
465	585
465	503
465	391
465	705
747	1
747	15
747	892
747	840
747	108
747	986
747	546
747	538
747	877
963	179
963	9
963	160
963	60
963	546
963	955
963	70
963	608
963	4
963	830
963	203
963	686
2	48
2	558
2	393
2	473
2	165
2	392
966	709
966	605
966	638
893	557
893	663
482	382
482	654
482	621
4	792
4	651
4	752
4	513
4	963
995	752
995	619
995	868
995	816
995	862
834	530
834	496
834	801
834	510
958	858
958	497
958	972
958	877
505	371
505	981
592	833
757	129
757	343
751	415
751	568
751	964
751	135
751	641
751	124
777	226
777	139
777	864
777	217
777	698
353	158
353	991
353	155
353	998
353	213
755	493
755	134
755	189
803	160
803	967
803	224
803	262
803	745
849	529
849	312
849	456
849	126
849	332
135	129
135	932
135	380
135	536
135	183
135	751
135	285
135	537
642	930
642	366
642	300
642	914
642	697
642	656
642	602
642	126
756	762
756	819
756	151
756	797
756	138
756	908
756	615
681	309
681	443
681	130
681	370
681	631
681	607
413	620
413	161
413	507
449	752
449	157
449	432
449	597
449	931
342	358
342	145
342	633
342	310
385	291
385	944
385	778
385	533
385	324
385	443
385	148
385	245
385	732
721	139
721	436
721	993
156	302
156	975
156	781
156	399
156	195
132	626
132	462
132	896
132	998
132	456
895	599
895	350
895	121
895	910
121	614
121	678
121	895
121	884
121	746
998	523
998	416
998	508
998	353
998	132
998	526
998	445
998	517
998	969
998	646
431	149
431	549
431	763
431	706
431	829
431	126
431	195
431	889
249	141
249	386
249	463
130	781
130	300
130	279
130	253
130	681
130	829
285	135
285	138
680	625
680	141
680	153
680	846
680	244
680	394
680	245
680	222
680	301
680	901
680	796
456	947
456	214
456	725
456	849
456	132
456	729
456	993
161	938
161	896
161	806
161	413
252	137
252	453
252	263
252	268
127	573
127	811
127	582
127	820
127	531
127	422
127	316
531	302
531	814
531	459
531	401
531	127
531	170
531	270
857	529
857	660
857	166
857	215
857	261
857	683
303	181
303	178
303	188
303	507
303	472
138	928
138	125
138	930
138	374
138	574
138	756
138	285
138	496
138	196
138	195
138	304
467	179
467	153
467	512
467	943
467	171
467	536
467	670
467	266
467	816
296	723
296	375
296	300
296	232
296	166
296	237
296	797
296	290
296	798
170	879
170	122
170	985
170	531
170	461
170	957
170	340
170	993
287	173
287	207
287	750
287	854
287	972
926	734
926	178
926	695
926	676
926	969
830	788
830	541
830	963
830	134
387	898
387	896
387	574
387	582
387	124
537	358
537	135
810	131
810	595
810	270
809	355
809	322
809	153
809	684
809	177
176	142
176	233
176	308
176	729
176	373
176	555
176	852
695	603
695	327
695	142
695	847
695	538
695	926
695	688
695	716
996	371
996	173
996	643
996	430
996	773
496	357
496	349
496	916
496	166
496	834
496	138
496	224
496	439
496	822
134	664
134	755
134	830
903	374
903	433
903	425
903	151
654	154
654	482
654	222
654	330
654	969
522	327
522	128
522	550
522	691
522	406
884	263
884	215
884	896
884	121
884	845
884	668
746	556
746	690
746	121
746	941
746	222
746	764
742	166
742	921
829	626
829	885
829	431
829	130
829	902
829	277
175	363
175	317
175	196
175	403
175	217
616	879
616	713
616	541
616	530
616	256
616	164
616	720
790	171
790	507
480	610
480	146
480	744
480	576
480	166
480	476
480	221
480	566
480	795
480	299
480	570
422	274
422	127
422	364
196	984
196	497
196	138
196	175
196	902
641	146
641	424
641	125
641	382
641	751
641	169
641	354
641	499
562	125
562	853
562	215
562	363
562	336
562	563
432	260
432	452
432	190
432	788
432	462
432	244
432	449
432	319
825	180
825	590
825	982
825	236
602	166
602	642
602	662
602	555
729	324
729	123
729	520
729	456
729	176
729	266
729	816
575	726
575	784
575	489
575	826
575	551
575	208
575	988
470	206
470	782
470	959
649	341
649	677
649	218
649	511
386	858
386	174
386	249
386	280
386	929
124	530
124	751
124	387
126	868
126	849
126	642
126	431
669	192
669	321
669	835
669	215
669	429
611	807
611	213
662	181
662	602
662	612
662	812
662	815
177	866
177	692
177	404
177	841
177	809
707	412
707	184
707	801
373	664
373	942
373	176
373	209
373	208
185	941
185	551
941	260
941	746
941	185
941	703
624	229
624	187
624	339
184	707
759	637
759	186
759	911
759	655
198	925
198	357
198	424
198	573
198	637
198	761
189	858
189	755
189	577
189	269
195	181
195	297
195	360
195	290
195	156
195	431
195	138
461	660
461	990
461	423
461	170
461	698
588	129
588	960
588	221
588	346
221	181
221	384
221	480
221	588
381	651
381	187
381	201
587	164
587	270
587	876
587	330
587	581
587	586
577	189
555	914
555	176
555	602
555	889
957	170
428	858
428	166
428	295
428	352
428	574
269	189
269	487
269	712
269	776
269	724
269	663
720	839
720	166
720	797
720	616
720	299
571	357
571	960
571	202
571	538
571	213
571	301
571	600
314	371
314	947
314	290
314	133
314	595
314	318
469	785
469	298
469	276
469	172
469	994
191	298
191	245
340	327
340	863
340	939
340	823
340	920
340	360
340	170
340	613
993	626
993	491
993	478
993	721
993	456
993	170
993	205
993	238
633	452
633	166
633	342
633	569
633	307
345	179
345	388
345	939
345	290
345	294
345	969
261	357
261	165
261	984
261	664
261	359
261	857
261	369
261	277
403	919
403	334
403	650
403	911
403	942
403	175
403	499
495	183
495	492
495	395
304	728
304	782
304	293
304	200
304	138
304	329
560	737
560	501
560	183
560	570
591	999
591	168
591	412
591	377
591	216
591	378
805	366
805	576
805	725
805	164
805	952
699	673
699	178
699	174
699	435
699	426
691	915
691	186
691	522
691	205
691	977
887	181
887	202
887	471
887	499
769	164
769	299
769	969
551	253
551	820
551	271
551	575
551	185
736	558
736	168
736	856
133	162
133	528
133	466
133	741
133	314
259	192
259	913
259	686
740	504
740	497
740	178
740	635
740	218
740	565
740	663
708	530
708	212
708	215
708	950
708	964
708	477
708	612
316	880
316	443
316	835
316	127
316	224
316	580
869	182
869	858
515	625
515	527
515	263
515	700
515	955
515	524
515	465
515	213
515	667
217	650
217	777
217	175
217	301
219	360
219	582
219	543
209	373
209	242
565	291
565	513
565	784
565	740
565	238
688	722
688	202
688	695
856	202
856	736
856	876
410	807
410	224
410	337
557	737
557	256
557	893
557	211
557	346
557	676
224	651
224	535
224	215
224	803
224	496
224	316
224	410
224	311
539	640
539	653
539	215
539	800
539	498
526	723
526	648
526	998
526	222
526	281
262	493
262	803
262	977
394	618
394	509
394	680
394	213
394	597
319	274
319	432
319	917
319	583
976	967
976	441
976	690
976	868
976	797
976	367
976	203
976	795
402	210
402	776
402	540
402	750
727	200
487	593
487	518
487	436
487	269
487	400
370	762
370	593
370	681
370	223
266	541
266	467
266	729
266	288
305	473
305	243
305	814
305	907
305	670
305	325
305	646
213	353
213	611
213	571
213	515
213	394
313	227
313	178
313	678
313	201
313	850
886	733
886	949
886	516
886	364
886	277
390	268
390	732
390	724
264	606
264	888
245	363
245	385
245	680
245	191
245	775
367	738
367	589
367	846
367	550
367	516
367	976
367	236
222	231
222	441
222	992
222	352
222	680
222	654
222	746
222	526
339	715
339	276
339	624
631	218
631	950
631	681
953	590
953	267
852	176
208	357
208	192
208	363
208	823
208	575
208	373
301	455
301	473
301	956
301	243
301	950
301	680
301	571
301	217
845	239
845	350
845	678
845	884
845	484
845	877
417	839
417	974
417	210
417	518
417	399
417	582
201	411
201	366
201	781
201	684
201	381
201	313
201	369
201	666
201	901
201	644
855	199
855	731
855	568
813	658
813	234
813	508
813	765
813	848
878	181
878	816
203	254
203	227
203	858
203	963
203	976
712	778
712	218
712	269
712	850
712	904
543	794
543	219
659	247
659	582
566	256
566	399
566	480
566	873
240	350
917	788
917	297
917	319
917	223
954	227
954	333
954	970
369	261
369	201
369	510
902	609
902	404
902	574
902	829
902	196
902	337
902	338
666	341
666	635
666	201
211	485
211	986
211	557
288	824
288	266
288	205
288	507
288	519
288	554
923	393
923	192
923	435
901	949
901	680
901	201
169	925
169	828
169	641
188	233
188	433
188	247
188	303
644	915
644	380
644	943
644	568
644	201
644	783
644	506
205	984
205	950
205	993
205	691
205	288
223	357
223	275
223	494
223	907
223	689
223	370
223	917
223	364
463	865
463	206
463	249
463	910
395	272
395	333
395	495
395	906
395	676
236	986
236	825
236	367
484	664
484	257
484	765
484	516
484	845
795	227
795	349
795	480
795	976
795	277
595	979
595	938
595	256
595	810
595	314
595	242
364	687
364	791
364	379
364	422
364	886
364	223
569	226
569	489
569	962
569	633
910	479
910	824
910	518
910	282
910	980
910	895
910	463
910	754
910	580
255	541
255	246
255	982
255	365
255	502
255	457
801	425
801	789
801	290
801	834
801	707
510	979
510	357
510	965
510	423
510	834
510	369
510	337
510	833
477	193
477	622
477	708
477	750
477	674
908	290
908	756
668	300
668	967
668	884
668	559
365	625
365	778
365	605
365	255
365	337
365	248
502	255
502	368
502	627
977	691
977	262
331	725
331	271
331	368
311	448
311	512
311	224
311	859
311	833
583	319
310	233
310	545
310	342
307	629
307	516
307	633
307	922
883	853
883	246
883	701
585	423
585	465
585	318
843	393
843	634
843	228
843	508
843	909
843	559
503	193
503	465
503	638
503	242
859	780
859	253
859	311
859	397
268	243
268	252
268	390
268	675
675	991
675	516
675	584
675	268
675	400
336	944
336	479
336	562
336	338
775	629
775	245
775	514
442	960
442	241
442	645
442	567
442	921
643	996
643	346
270	928
270	900
270	241
270	531
270	810
270	587
270	783
337	687
337	513
337	546
337	410
337	902
337	510
337	365
732	291
732	335
732	385
732	390
848	606
848	837
848	813
848	265
613	898
613	781
613	475
613	340
613	876
613	754
613	760
346	619
346	588
346	557
346	643
686	932
686	263
686	521
686	493
686	963
686	259
686	931
607	237
607	681
816	880
816	622
816	842
816	995
816	467
816	729
816	878
816	280
816	959
277	866
277	382
277	704
277	829
277	261
277	886
277	795
273	497
273	872
299	900
299	349
299	480
299	720
299	769
238	628
238	838
238	993
238	565
421	737
421	322
421	951
435	228
435	699
435	923
922	626
922	427
922	980
922	307
922	567
612	811
612	335
612	662
612	708
612	458
445	239
445	704
445	998
445	567
439	787
439	496
439	248
876	341
876	587
876	856
876	613
876	458
474	327
474	818
474	919
474	866
474	246
474	486
338	260
338	741
338	639
338	902
338	336
338	663
457	738
457	832
457	868
457	271
457	255
457	748
776	512
776	811
776	475
776	269
776	402
776	514
776	850
745	890
745	258
745	803
833	981
833	592
833	510
833	311
638	851
638	752
638	660
638	300
638	476
638	966
638	503
638	418
540	256
540	402
540	679
330	648
330	462
330	608
330	654
330	587
242	443
242	492
242	209
242	595
242	503
600	298
600	476
600	571
600	750
754	763
754	267
754	910
754	613
265	962
265	584
265	848
265	397
679	731
679	455
679	933
679	237
679	540
679	924
248	590
248	365
248	439
440	660
440	808
440	948
988	625
988	575
988	683
988	326
429	762
429	818
429	814
429	669
604	322
604	620
604	350
758	558
758	350
758	427
758	702
758	931
764	808
764	347
764	383
764	980
764	746
764	854
596	752
596	397
278	865
278	366
278	949
278	536
724	860
724	269
724	390
799	548
799	818
799	880
799	280
716	404
716	645
716	695
716	398
601	960
601	298
601	379
329	312
329	532
329	304
329	655
329	676
796	915
796	784
796	680
796	627
796	332
796	760
906	925
906	395
951	421
471	990
471	527
471	887
471	418
779	826
779	376
318	900
318	396
318	314
318	585
937	375
937	907
937	450
937	398
937	703
783	780
783	794
783	644
783	270
783	899
354	979
354	424
354	802
354	702
354	743
354	641
376	415
376	241
376	574
376	779
683	610
683	857
683	988
683	294
419	344
419	882
748	401
748	457
284	490
567	343
567	302
567	605
567	442
567	922
567	445
391	465
391	280
862	785
862	518
862	384
862	800
862	995
351	936
351	312
351	441
351	554
328	302
328	846
328	416
328	838
328	437
328	698
328	519
328	969
400	618
400	919
400	814
400	487
400	675
400	559
407	718
407	406
407	836
945	610
945	451
945	652
945	586
397	466
397	863
397	335
397	939
397	859
397	265
397	596
924	327
924	718
924	679
924	698
447	320
447	594
447	581
408	519
280	944
280	704
280	841
280	386
280	816
280	799
280	391
458	473
458	275
458	256
458	612
458	876
458	970
368	312
368	964
368	502
368	331
655	689
655	759
655	329
655	750
378	497
378	492
378	359
378	591
378	804
580	786
580	316
580	910
580	703
676	228
676	819
676	926
676	557
676	395
676	329
798	872
798	296
627	620
627	808
627	372
627	502
627	796
409	382
450	858
450	835
450	427
450	937
450	812
438	785
438	985
438	826
750	327
750	287
750	402
750	477
750	600
750	655
750	889
594	599
594	283
594	447
918	358
918	389
918	973
581	912
581	619
581	536
581	587
581	447
406	522
406	407
948	912
948	955
948	653
948	295
948	440
948	499
597	512
597	449
597	394
597	854
294	992
294	493
294	579
294	345
294	683
663	987
663	293
663	893
663	269
663	740
663	338
507	366
507	413
507	303
507	790
507	288
598	652
598	396
437	289
437	942
437	328
899	725
899	783
420	404
420	907
420	950
420	519
854	443
854	287
854	764
854	597
854	630
488	673
488	916
630	425
630	635
630	854
430	806
430	996
430	426
771	919
771	532
563	728
563	562
559	668
559	843
559	400
418	722
418	518
418	638
418	471
570	984
570	480
570	560
517	645
517	911
517	730
517	998
517	446
547	499
793	898
793	372
793	472
326	988
414	635
414	650
514	466
514	678
514	775
514	776
446	879
446	384
446	690
446	517
586	609
586	538
586	587
586	945
989	629
989	944
989	847
472	982
472	303
472	793
931	374
931	784
931	697
931	546
931	449
931	686
931	758
498	967
498	826
498	539
281	788
281	526
698	777
698	461
698	328
698	924
959	933
959	652
959	470
959	816
850	864
850	312
850	313
850	712
850	776
499	898
499	961
499	641
499	403
499	887
499	948
499	547
889	961
889	431
889	555
889	750
983	411
519	677
519	358
519	842
519	288
519	328
519	408
519	420
882	433
882	396
882	419
398	846
398	753
398	578
398	716
398	937
972	372
972	958
972	287
822	496
822	904
703	717
703	788
703	791
703	864
703	941
703	937
703	580
703	861
904	371
904	965
904	741
904	712
904	822
444	491
444	950
444	952
426	637
426	699
426	430
804	709
804	900
804	690
804	359
804	378
804	705
621	466
621	648
621	349
621	741
621	482
812	846
812	662
812	450
506	946
506	644
506	817
861	703
978	504
978	832
973	968
973	918
554	561
554	288
554	351
815	818
815	847
815	662
969	879
969	360
969	998
969	926
969	654
969	345
969	769
969	328
929	558
929	780
929	868
929	386
877	553
877	696
877	524
877	735
877	747
877	958
877	845
667	715
667	475
667	515
970	979
970	348
970	640
970	380
970	664
970	954
970	458
511	649
836	407
773	778
773	527
773	639
773	996
661	879
661	534
661	898
661	441
615	356
615	756
646	928
646	279
646	998
646	305
468	714
817	416
817	506
921	599
921	960
921	742
921	442
674	894
674	960
674	706
674	477
332	324
332	628
332	797
332	849
332	796
940	743
705	465
705	804
760	710
760	613
760	796
873	880
873	500
873	566
994	950
994	469
767	919
